name: banana
channels:
  - pytorch
  - anaconda
  - conda-forge
  - defaults
dependencies:
  - ca-certificates=2020.10.14=0
  - certifi=2020.6.20=py36_0
  - cudatoolkit=10.0.130=0
  - cycler=0.10.0=py36_0
  - dbus=1.13.18=hb2f20db_0
  - expat=2.2.10=he6710b0_2
  - fontconfig=2.13.0=h9420a91_0
  - glib=2.56.2=hd408876_0
  - gst-plugins-base=1.14.0=hbbd80ab_1
  - gstreamer=1.14.0=hb453b48_1
  - icu=58.2=he6710b0_3
  - kiwisolver=1.2.0=py36hfd86e86_0
  - libgfortran-ng=7.3.0=hdf63c60_0
  - libuuid=1.0.3=h1bed415_2
  - libxcb=1.14=h7b6447c_0
  - libxml2=2.9.10=hb55368b_3
  - matplotlib=3.3.1=0
  - matplotlib-base=3.3.1=py36h817c723_0
  - openssl=1.1.1h=h7b6447c_0
  - pandas=1.1.3=py36he6710b0_0
  - pcre=8.44=he6710b0_0
  - pyparsing=2.4.7=py_0
  - pyqt=5.9.2=py36h22d08a2_1
  - python=3.6.12=hcff3b4d_2
  - python-dateutil=2.8.1=py_0
  - pytz=2020.1=py_0
  - qt=5.9.7=h5867ecd_1
  - scipy=1.1.0=py36hfa4b5c9_1
  - seaborn=0.11.0=py_0
  - sip=4.19.24=py36he6710b0_0
  - tornado=6.0.4=py36h7b6447c_1
  - _libgcc_mutex=0.1=main
  - blas=1.0=mkl
  - freetype=2.10.4=h5ab3b9f_0
  - intel-openmp=2020.2=254
  - jpeg=9b=h024ee3a_2
  - lcms2=2.11=h396b838_0
  - ld_impl_linux-64=2.33.1=h53a641e_7
  - libedit=3.1.20191231=h14c3975_1
  - libffi=3.3=he6710b0_2
  - libgcc-ng=9.1.0=hdf63c60_0
  - libpng=1.6.37=hbc83047_0
  - libstdcxx-ng=9.1.0=hdf63c60_0
  - libtiff=4.2.0=h3942068_0
  - libwebp-base=1.2.0=h27cfd23_0
  - lz4-c=1.9.3=h2531618_0
  - mkl=2020.2=256
  - mkl-service=2.3.0=py36he8ac12f_0
  - mkl_fft=1.3.0=py36h54f3939_0
  - mkl_random=1.1.1=py36h0573a6f_0
  - ncurses=6.2=he6710b0_1
  - ninja=1.10.2=py36hff7bd54_0
  - numpy=1.19.2=py36h54aff64_0
  - numpy-base=1.19.2=py36hfa32c7d_0
  - olefile=0.46=py_0
  - pillow=8.1.2=py36he98fc37_0
  - pip=21.0.1=py36h06a4308_0
  - readline=8.1=h27cfd23_0
  - setuptools=52.0.0=py36h06a4308_0
  - six=1.15.0=pyhd3eb1b0_0
  - sqlite=3.33.0=h62c20be_0
  - tk=8.6.10=hbc83047_0
  - wheel=0.36.2=pyhd3eb1b0_0
  - xz=5.2.5=h7b6447c_0
  - zlib=1.2.11=h7b6447c_3
  - zstd=1.4.5=h9ceee32_0
  - pytorch=1.4.0=py3.6_cuda10.0.130_cudnn7.6.3_0
  - torchvision=0.5.0=py36_cu100
  - pip:
    - absl-py==0.11.0
    - argon2-cffi==20.1.0
    - astor==0.8.1
    - async-generator==1.10
    - attrs==20.3.0
    - backcall==0.2.0
    - bleach==1.5.0
    - cffi==1.14.5
    - cloudpickle==1.2.2
    - decorator==4.4.2
    - defusedxml==0.6.0
    - docopt==0.6.2
    - entrypoints==0.3
    - gast==0.4.0
    - grpcio==1.11.0
    - gym==0.13.0
    - html5lib==0.9999999
    - importlib-metadata==3.7.0
    - iniconfig==1.1.1
    - ipykernel==5.5.0
    - ipython==7.16.1
    - ipython-genutils==0.2.0
    - ipywidgets==7.6.3
    - jedi==0.18.0
    - jinja2==2.11.3
    - jsonschema==3.2.0
    - jupyter==1.0.0
    - jupyter-client==6.1.11
    - jupyter-console==6.2.0
    - jupyter-core==4.7.1
    - jupyterlab-pygments==0.1.2
    - jupyterlab-widgets==1.0.0
    - markdown==3.3.4
    - markupsafe==1.1.1
    - mistune==0.8.4
    - nbclient==0.5.3
    - nbconvert==6.0.7
    - nbformat==5.1.2
    - nest-asyncio==1.5.1
    - notebook==6.2.0
    - packaging==20.9
    - pandocfilters==1.4.3
    - parso==0.8.1
    - pexpect==4.8.0
    - pickleshare==0.7.5
    - pluggy==0.13.1
    - prometheus-client==0.9.0
    - prompt-toolkit==3.0.16
    - protobuf==3.5.2
    - ptyprocess==0.7.0
    - py==1.10.0
    - pycparser==2.20
    - pyglet==1.5.15
    - pygments==2.8.0
    - pyrsistent==0.17.3
    - pytest==6.2.2
    - pyyaml==5.4.1
    - pyzmq==22.0.3
    - qtconsole==5.0.2
    - qtpy==1.9.0
    - send2trash==1.5.0
    - tensorboard==1.7.0
    - tensorflow==1.7.1
    - termcolor==1.1.0
    - terminado==0.9.2
    - testpath==0.4.4
    - toml==0.10.2
    - torch==1.4.0
    - traitlets==4.3.3
    - typing-extensions==3.7.4.3
    - unityagents==0.4.0
    - wcwidth==0.2.5
    - werkzeug==1.0.1
    - widgetsnbextension==3.5.1
    - zipp==3.4.0
prefix: /home/huck/anaconda3/envs/banana

